SEQUENCE LENGTH REPORT PER SUBJECT:
+----+-----------+-------------+-----------+---------------------+---------+----------+-------------+----------+
|    |   Subject |   workingPC |     stand |   stand+walk+stairs |    walk |   stairs |   walk+talk |     talk |
|----+-----------+-------------+-----------+---------------------+---------+----------+-------------+----------|
|  1 |         1 |     647.615 |  17.8462  |            214.981  | 516.538 |  61.3654 |     56.0962 | 1610.54  |
|  2 |         2 |     849.019 |  67.1154  |            451.442  | 426.442 |  75.1923 |    136.538  |  642.904 |
|  3 |         3 |     801.423 | 105.288   |             82.5577 | 498.077 |  51.0962 |     26.9231 |  402.692 |
|  4 |         4 |     606.519 |  92.5     |            411.635  | 448.077 |  72.0192 |     36.7308 |  682.5   |
|  5 |         5 |     595.75  | 103.269   |            258.077  | 514.423 |  57.6923 |     55.3846 | 1492.31  |
|  6 |         6 |     846.904 |  66.5385  |            451.827  | 423.846 |  75.6731 |    134.404  |  705.981 |
|  7 |         7 |     629.788 |  69.2308  |            202.288  | 514.808 |  56.9231 |     51.9231 | 1609.63  |
|  8 |         8 |     846.904 |  67.0192  |            473.173  | 423.75  |  75      |    115      |  649.038 |
|  9 |         9 |     694.019 |   6.15385 |            217.885  | 514.038 |  59.9038 |     47.9808 | 1608.85  |
| 10 |        10 |     847.096 |  66.0577  |            453.769  | 425.942 |  74.8077 |    143.25   |  427.519 |
| 11 |        11 |    1041.71  |  44.8077  |            168.75   | 341.346 |  62.0192 |     20.1731 |  329.827 |
| 12 |        12 |     937.481 |  83.4615  |            225.577  | 579.423 |  70.1923 |     23.0769 |  286.558 |
| 13 |        13 |     351.519 |  31.7308  |            158.077  | 339.423 |  65.3846 |     23.0962 |  331.712 |
| 14 |        14 |    1016.81  |   9.71154 |            245.865  | 563.75  |  69.6154 |     28.8462 |  298.077 |
| 15 |        15 |     992.288 |  90       |            152.115  | 336.731 |  63.4615 |     19.2308 |  336.538 |
+----+-----------+-------------+-----------+---------------------+---------+----------+-------------+----------+